data
3
X
Y
Au
   264.55700        0.0000000       0.12513000    
   274.55700        0.0000000       0.44761200    
   284.55700        0.0000000       0.52148000E-01
   294.90700       0.10000000E-01   0.41910000E-01
   304.90700       0.30000000E-01   0.50068000E-01
   314.90700       0.50000000E-01   0.95998000E-01
   324.90700       0.70000000E-01   0.50288000E-01
   334.90700       0.90000000E-01   0.13128800    
   344.90700       0.11000000       0.35152000E-01
   10.000000        3.0960000       0.13586800    
   20.000000        3.0960000       0.29074000E-01
   219.55700        5.0000000       0.67024000E-01
   229.55700        5.0000000       0.24774000E-01
   239.55700        5.0000000       0.25774000E-01
   259.55700        5.0000000       0.86120000E-01
   269.55700        5.0000000       0.18811400    
   279.55700        5.0000000       0.86340000E-01
   289.89700        5.0000000       0.10015600    
   299.89700        5.0200000       0.58106000E-01
   309.89700        5.0400000       0.17429800    
   319.89700        5.0600000       0.24794000E-01
   329.89700        5.0800000       0.20596000E-01
   339.89700        5.1000000       0.13578000E-01
   5.0000000        8.0960000       0.12257000    
   15.000000        8.0960000       0.96716000E-01
   25.000000        8.0960000       0.13266800    
   35.000000        8.0960000       0.35612000E-01
   214.55700        10.000000       0.11279200    
   224.55700        10.000000       0.15094400    
   234.55700        10.000000       0.54648000E-01
   254.55700        10.000000       0.70124000E-01
   264.55700        10.000000       0.25954000E-01
   274.55700        10.000000       0.32472000E-01
   284.55700        10.000000       0.77802000E-01
   294.88700        10.010000       0.44970000E-01
   304.88700        10.030000       0.97076000E-01
   314.88700        10.050000       0.40670000E-01
   324.88700        10.070000       0.13818000E-01
   334.88700        10.090000       0.66524000E-01
   344.88700        10.110000       0.19339400    
   10.000000        13.096000       0.40710000E-01
   20.000000        13.096000        2.7390500    
   30.000000        13.096000       0.16738000    
   40.000000        13.096000       0.31512000E-01
   50.000000        13.096000       0.88120000E-01
   209.55700        15.000000       0.23260400    
   219.55700        15.000000       0.11923200    
   229.55700        15.000000       0.18056000E-01
   239.55700        15.000000       0.69744000E-01
   249.55700        15.000000       0.14438600    
   259.55700        15.000000       0.11375200    
   269.55700        15.000000       0.28593000    
   279.55700        15.000000       0.32634000    
   289.86700        15.000000       0.25583800    
   299.86700        15.020000       0.44690000E-01
   309.86700        15.040000       0.27117400    
   319.86700        15.060000       0.42383600    
   329.86700        15.080000       0.44210000E-01
   339.86700        15.100000       0.11889200    
   5.0000000        18.096000       0.76042000E-01
   15.000000        18.096000       0.12218000E-01
   25.000000        18.096000       0.17316000E-01
   35.000000        18.096000       0.24460000    
   45.000000        18.096000       0.16934000    
   55.000000        18.096000       0.13366800    
   66.160000        18.186000       0.21444800    
   204.55700        20.000000       0.23314400    
   214.55700        20.000000       0.15014400    
   224.55700        20.000000       0.60600000E-02
   234.55700        20.000000       0.18216000E-01
   244.55700        20.000000       0.46554600    
   254.55700        20.000000       0.21996600    
   264.55700        20.000000       0.17536000E-01
   274.55700        20.000000       0.21368800    
   284.55700        20.000000       0.15028400    
   294.85700        20.010000       0.15112400    
   304.85700        20.030000       0.81200000E-01
   314.85700        20.050000       0.13200800    
   324.85700        20.070000       0.18021600    
   334.85700        20.090000       0.14880400    
   344.85700        20.110000       0.39630000E-01
   181.27000        22.756000       0.89698000E-01
   191.27000        22.756000       0.25349800    
   10.000000        23.096000       0.47030000E-01
   20.000000        23.096000       0.72402000E-01
   30.000000        23.096000       0.36832000E-01
   40.000000        23.096000       0.30874000E-01
   50.000000        23.096000       0.28367200    
   61.160000        23.186000       0.78462000E-01
   71.160000        23.186000       0.91398000E-01
   81.160000        23.186000       0.52528000E-01
   91.160000        23.186000       0.97836000E-01
   209.55700        25.000000       0.36472000E-01
   219.55700        25.000000       0.44423200    
   229.55700        25.000000       0.51107600    
   239.55700        25.000000       0.16818000    
   249.55700        25.000000       0.38506600    
   259.55700        25.000000       0.38400000E-02
   269.55700        25.000000       0.26974000E-01
   279.55700        25.000000       0.47158600    
   289.84700        25.000000       0.12551000    
   299.84700        25.020000       0.11387200    
   309.84700        25.040000       0.80040000E-01
   319.84700        25.060000       0.21760800    
   329.84700        25.080000       0.24474000E-01
   339.84700        25.100000       0.14052600    
   136.27000        27.756000       0.98256000E-01
   146.27000        27.756000       0.11205400    
   156.27000        27.756000       0.76262000E-01
   166.27000        27.756000       0.66985600    
   176.27000        27.756000       0.99656000E-01
   186.27000        27.756000       0.96496000E-01
   196.27000        27.756000       0.33452000E-01
   5.0000000        28.096000       0.15614200    
   15.000000        28.096000       0.69784000E-01
   25.000000        28.096000       0.91755600    
   35.000000        28.096000        2.1549540    
   45.000000        28.096000       0.13794600    
   55.000000        28.096000       0.18825400    
   66.160000        28.186000       0.58575800    
   76.160000        28.186000       0.25741800    
   86.160000        28.186000       0.66177800    
   96.160000        28.186000       0.31372400    
   204.55700        30.000000       0.10785400    
   214.55700        30.000000       0.60705200    
   224.55700        30.000000       0.33652000E-01
   234.55700        30.000000       0.94578000E-01
   244.55700        30.000000       0.56572200    
   254.55700        30.000000       0.75202000E-01
   264.55700        30.000000       0.68784000E-01
   274.55700        30.000000       0.97116000E-01
   284.55700        30.000000       0.19736000E-01
   294.83700        30.010000       0.55028000E-01
   304.83700        30.030000       0.23074000E-01
   314.83700        30.050000       0.42200000E-02
   324.83700        30.070000       0.10618000E-01
   334.83700        30.090000       0.97580000E-02
   344.83700        30.110000       0.75380000E-02
   131.27000        32.756000       0.21432800    
   141.27000        32.756000       0.24366000    
   151.27000        32.756000       0.55768400    
   161.27000        32.756000       0.83360000E-01
   171.27000        32.756000       0.71138600    
   181.27000        32.756000       0.27611400    
   191.27000        32.756000       0.13198800    
   0.0000000        33.096000       0.15404200    
   10.000000        33.096000       0.55228000E-01
   20.000000        33.096000       0.13438000E-01
   30.000000        33.096000       0.13568800    
   40.000000        33.096000       0.28454000E-01
   50.000000        33.096000       0.17467800    
   61.160000        33.186000       0.28413200    
   71.160000        33.186000       0.35073400    
   81.160000        33.186000       0.10435600    
   91.160000        33.186000       0.13024800    
   101.16000        33.186000       0.25574000E-01
   111.16000        33.186000       0.85200000E-01
   121.16000        33.186000       0.73882000E-01
   209.55700        35.000000       0.10215600    
   219.55700        35.000000       0.15218400    
   229.55700        35.000000       0.11761200    
   239.55700        35.000000       0.10573400    
   249.55700        35.000000       0.62046000E-01
   259.55700        35.000000       0.11518000E-01
   269.55700        35.000000       0.74580000E-02
   279.55700        35.000000       0.11158000E-01
   289.82700        35.000000       0.82780000E-02
   299.82700        35.020000       0.76580000E-02
   309.82700        35.040000       0.22134600    
   319.82700        35.060000       0.11400000E-02
   329.82700        35.080000       0.10398000E-01
   339.82700        35.100000       0.12775000    
   136.27000        37.756000       0.34712000E-01
   146.27000        37.756000       0.13650800    
   156.27000        37.756000       0.31198400    
   166.27000        37.756000       0.88120000E-01
   176.27000        37.756000       0.78402000E-01
   186.27000        37.756000       0.13426800    
   196.27000        37.756000       0.36092000E-01
   5.0000000        38.096000       0.64044000E-01
   15.000000        38.096000       0.23894000E-01
   25.000000        38.096000       0.72242000E-01
   35.000000        38.096000       0.17475800    
   45.000000        38.096000       0.46510000E-01
   55.000000        38.096000       0.20367000    
   66.160000        38.186000       0.46190000E-01
   76.160000        38.186000       0.12183000    
   86.160000        38.186000       0.98616000E-01
   96.160000        38.186000       0.29694800    
   106.16000        38.186000       0.12651000    
   116.16000        38.186000       0.13942600    
   126.16000        38.186000       0.72722000E-01
   214.55700        40.000000       0.80160000E-01
   224.55700        40.000000       0.27894000E-01
   234.55700        40.000000       0.14734400    
   244.55700        40.000000       0.45170000E-01
   254.55700        40.000000       0.32200000E-02
   264.55700        40.000000       0.23800000E-02
   274.55700        40.000000       0.47600000E-02
   284.55700        40.000000       0.14598000E-01
   294.81700        40.010000       0.58400000E-02
   304.81700        40.030000       0.16516000E-01
   314.81700        40.050000       0.14916000E-01
   324.81700        40.070000       0.39410000E-01
   334.81700        40.090000       0.15256000E-01
   344.81700        40.110000       0.56800000E-02
   131.27000        42.756000       0.11881200    
   141.27000        42.756000       0.46670000E-01
   151.27000        42.756000       0.24426000    
   161.27000        42.756000       0.70884000E-01
   171.27000        42.756000       0.92658000E-01
   181.27000        42.756000       0.43970000E-01
   191.27000        42.756000       0.66404000E-01
   0.0000000        43.096000       0.17363800    
   10.000000        43.096000       0.94538000E-01
   20.000000        43.096000       0.26114000E-01
   30.000000        43.096000       0.12345000    
   50.000000        43.096000       0.34081800    
   61.160000        43.186000       0.35492000E-01
   71.160000        43.186000       0.13212800    
   81.160000        43.186000       0.77082000E-01
   91.160000        43.186000       0.18343600    
   101.16000        43.186000       0.17577800    
   111.16000        43.186000       0.23156400    
   121.16000        43.186000       0.12407000    
   209.55700        45.000000       0.18356000E-01
   219.55700        45.000000       0.18056000E-01
   229.55700        45.000000       0.84980000E-02
   239.55700        45.000000       0.30594000E-01
   249.55700        45.000000       0.13998000E-01
   259.55700        45.000000       0.63600000E-02
   269.55700        45.000000       0.42800000E-02
   279.55700        45.000000       0.32832000E-01
   289.80700        45.000000       0.54600000E-02
   299.80700        45.020000       0.10518000E-01
   309.80700        45.040000       0.86980000E-02
   319.80700        45.060000       0.11798000E-01
   329.80700        45.080000       0.43050000E-01
   339.80700        45.100000       0.35400000E-02
   146.27000        47.756000       0.24134000E-01
   156.27000        47.756000       0.46790000E-01
   166.27000        47.756000       0.72002000E-01
   176.27000        47.756000       0.15616000E-01
   186.27000        47.756000       0.95980000E-02
   196.27000        47.756000       0.48400000E-02
   5.0000000        48.096000       0.82540000E-01
   15.000000        48.096000       0.10791400    
   25.000000        48.096000       0.86340000E-01
   35.000000        48.096000       0.14610400    
   45.000000        48.096000       0.30346600    
   55.000000        48.096000       0.93098000E-01
   66.160000        48.186000       0.21670800    
   76.160000        48.186000       0.67784000E-01
   86.160000        48.186000       0.11039400    
   96.160000        48.186000       0.50848000E-01
   106.16000        48.186000       0.82220000E-01
   116.16000        48.186000       0.83600000E-01
   126.16000        48.186000       0.37292000E-01
   204.55700        50.000000       0.28034000E-01
   214.55700        50.000000       0.68764000E-01
   224.55700        50.000000       0.82380000E-02
   234.55700        50.000000       0.10758000E-01
   244.55700        50.000000       0.14378000E-01
   254.55700        50.000000       0.59800000E-02
   264.55700        50.000000       0.45430000E-01
   284.55700        50.000000       0.13658000E-01
   294.79700        50.010000       0.31132000E-01
   304.79700        50.030000       0.34312000E-01
   314.79700        50.050000       0.55200000E-02
   324.79700        50.070000       0.11400000E-02
   334.79700        50.090000       0.32520000    
   344.79700        50.110000       0.57200000E-02
   131.27000        52.756000       0.13574800    
   141.27000        52.756000       0.69380000E-02
   151.27000        52.756000       0.64884000E-01
   161.27000        52.756000       0.57915800    
   171.27000        52.756000       0.27774000E-01
   181.27000        52.756000       0.36032000E-01
   191.27000        52.756000       0.77780000E-02
   0.0000000        53.096000       0.14518000E-01
   10.000000        53.096000       0.24074000E-01
   20.000000        53.096000       0.18796000E-01
   30.000000        53.096000       0.45990000E-01
   40.000000        53.096000       0.56246000E-01
   50.000000        53.096000       0.14658000E-01
   61.160000        53.186000       0.99156000E-01
   71.160000        53.186000       0.58106000E-01
   81.160000        53.186000       0.22716000E-01
   91.160000        53.186000       0.17715800    
   101.16000        53.186000       0.68483200    
   111.16000        53.186000       0.58886000E-01
   121.16000        53.186000       0.76062000E-01
   209.55700        55.000000       0.13538000E-01
   219.55700        55.000000       0.14518000E-01
   229.55700        55.000000       0.93780000E-02
   239.55700        55.000000       0.42390000E-01
   249.55700        55.000000       0.20736000E-01
   269.55700        55.000000       0.60000000E-03
   279.55700        55.000000       0.90980000E-02
   289.78700        55.000000       0.14916000E-01
   299.78700        55.020000       0.30874000E-01
   309.78700        55.040000       0.14318000E-01
   319.78700        55.060000       0.25574000E-01
   329.78700        55.080000       0.67580000E-02
   339.78700        55.100000       0.21976000E-01
   136.27000        57.756000       0.63000000E-02
   146.27000        57.756000       0.71824000E-01
   156.27000        57.756000       0.86180000E-02
   166.27000        57.756000       0.10091600    
   186.27000        57.756000       0.73780000E-02
   196.27000        57.756000       0.24034000E-01
   5.0000000        58.096000       0.31512000E-01
   15.000000        58.096000       0.16752000    
   25.000000        58.096000       0.16616000E-01
   35.000000        58.096000       0.52568000E-01
   45.000000        58.096000       0.96118000E-01
   55.000000        58.096000       0.15256000E-01
   66.160000        58.186000       0.70780000E-02
   76.160000        58.186000       0.15076000E-01
   86.160000        58.186000       0.34952000E-01
   96.160000        58.186000       0.11283200    
   106.16000        58.186000       0.56400000E-02
   116.16000        58.186000       0.87180000E-02
   126.16000        58.186000       0.85780000E-02
   204.55700        60.000000       0.11818000E-01
   214.55700        60.000000       0.13338000E-01
   224.55700        60.000000       0.46000000E-02
   234.55700        60.000000       0.56000000E-02
   244.55700        60.000000       0.10658000E-01
   254.55700        60.000000       0.40216200    
   264.55700        60.000000       0.11538000E-01
   274.55700        60.000000       0.89780000E-02
   284.55700        60.000000       0.17076000E-01
   294.77700        60.010000       0.65180000E-02
   304.77700        60.030000       0.12778000E-01
   314.77700        60.050000       0.42200000E-02
   324.77700        60.070000       0.10898000E-01
   334.77700        60.090000       0.89980000E-02
   344.77700        60.110000       0.12418000E-01
   131.27000        62.756000       0.25354000E-01
   141.27000        62.756000       0.94798000E-01
   151.27000        62.756000       0.65376000    
   161.27000        62.756000       0.19376000E-01
   171.27000        62.756000       0.20056000E-01
   181.27000        62.756000       0.10918000E-01
   191.27000        62.756000       0.32800000E-02
   0.0000000        63.096000       0.23514000E-01
   10.000000        63.096000       0.13978000E-01
   20.000000        63.096000       0.42990000E-01
   30.000000        63.096000       0.41310000E-01
   40.000000        63.096000       0.25234000E-01
   50.000000        63.096000       0.19396000E-01
   61.160000        63.186000       0.40230000E-01
   71.160000        63.186000       0.39800000E-02
   81.160000        63.186000       0.37400000E-02
   91.160000        63.186000       0.10478000E-01
   101.16000        63.186000       0.41290000E-01
   111.16000        63.186000       0.19796000E-01
   121.16000        63.186000       0.11518000E-01
   209.55700        65.000000       0.75980000E-02
   219.55700        65.000000       0.37712000E-01
   229.55700        65.000000       0.11138000E-01
   239.55700        65.000000       0.60246000E-01
   249.55700        65.000000       0.81180000E-02
   259.55700        65.000000       0.10198000E-01
   269.55700        65.000000       0.45400000E-02
   279.55700        65.000000       0.37292000E-01
   289.76700        65.000000       0.59200000E-02
   299.76700        65.020000       0.16596000E-01
   309.76700        65.040000       0.19800000E-02
   319.76700        65.060000       0.15836000E-01
   329.76700        65.080000       0.14338000E-01
   339.76700        65.100000       0.60000000E-03
   136.27000        67.756000       0.11958000E-01
   146.27000        67.756000       0.30774000E-01
   156.27000        67.756000       0.46400000E-02
   166.27000        67.756000       0.41930000E-01
   176.27000        67.756000       0.36912000E-01
   186.27000        67.756000       0.22736000E-01
   196.27000        67.756000       0.12938000E-01
   5.0000000        68.096000       0.11559200    
   15.000000        68.096000       0.14736000E-01
   25.000000        68.096000       0.30600000E-02
   35.000000        68.096000       0.10058000E-01
   45.000000        68.096000       0.27734000E-01
   55.000000        68.096000       0.23600000E-02
   66.160000        68.186000       0.15856000E-01
   76.160000        68.186000       0.22800000E-02
   86.160000        68.186000       0.28200000E-02
   96.160000        68.186000       0.59800000E-02
   106.16000        68.186000       0.12878000E-01
   204.55700        70.000000       0.50000000E-02
   214.55700        70.000000       0.84380000E-02
   224.55700        70.000000       0.10318000E-01
   234.55700        70.000000       0.19376000E-01
   244.55700        70.000000       0.11418000E-01
   254.55700        70.000000       0.35392000E-01
   264.55700        70.000000       0.70580000E-02
   274.55700        70.000000       0.18796000E-01
   284.55700        70.000000       0.56826000E-01
   294.75700        70.010000       0.35200000E-02
   304.75700        70.030000       0.29576800    
   314.75700        70.050000       0.11619200    
   324.75700        70.070000       0.30000000E-02
   334.75700        70.090000       0.19237400    
   344.75700        70.110000       0.66524000E-01
   141.27000        72.756000       0.70980000E-02
   151.27000        72.756000       0.22000000E-02
   161.27000        72.756000       0.12938000E-01
   171.27000        72.756000       0.70380000E-02
   181.27000        72.756000       0.67980000E-02
   191.27000        72.756000       0.47010000E-01
   0.0000000        73.096000       0.21436000E-01
   10.000000        73.096000       0.85180000E-02
   20.000000        73.096000       0.10397600    
   30.000000        73.096000       0.35452000E-01
   40.000000        73.096000       0.46600000E-02
   50.000000        73.096000       0.24474000E-01
   61.160000        73.186000       0.60906000E-01
   71.160000        73.186000       0.95580000E-02
   81.160000        73.186000       0.11738000E-01
   91.160000        73.186000       0.38800000E-02
   101.16000        73.186000       0.40600000E-02
   111.16000        73.186000       0.49000000E-02
   121.16000        73.186000       0.11800000E-02
   209.55700        75.000000       0.35400000E-02
   219.55700        75.000000       0.57546000E-01
   229.55700        75.000000       0.81380000E-02
   239.55700        75.000000       0.46000000E-02
   249.55700        75.000000       0.64764000E-01
   259.55700        75.000000       0.16516000E-01
   269.55700        75.000000       0.42800000E-02
   279.55700        75.000000       0.29200000E-02
   289.74700        75.000000       0.81580000E-02
   299.74700        75.020000       0.44600000E-02
   309.74700        75.040000       0.50089800    
   329.74700        75.080000       0.23800000E-02
   339.74700        75.100000       0.31400000E-02
   136.27000        77.756000       0.77180000E-02
   156.27000        77.756000       0.63600000E-02
   166.27000        77.756000       0.48200000E-02
   176.27000        77.756000       0.84380000E-02
   186.27000        77.756000       0.10038000E-01
   5.0000000        78.096000       0.23754000E-01
   15.000000        78.096000       0.48454200    
   25.000000        78.096000       0.66844000E-01
   35.000000        78.096000       0.20376000E-01
   45.000000        78.096000       0.12858000E-01
   55.000000        78.096000       0.14178000E-01
   66.160000        78.186000       0.38000000E-02
   76.160000        78.186000       0.38800000E-02
   86.160000        78.186000       0.13800000E-02
   96.160000        78.186000       0.24200000E-02
   106.16000        78.186000       0.54000000E-02
   116.16000        78.186000       0.48400000E-02
   126.16000        78.186000       0.37800000E-02
   204.55700        80.000000       0.11400000E-02
   214.55700        80.000000       0.56800000E-02
   224.55700        80.000000       0.75980000E-02
   234.55700        80.000000       0.39200000E-02
   244.55700        80.000000       0.98180000E-02
   254.55700        80.000000       0.84560000E-01
   264.55700        80.000000       0.16736000E-01
   274.55700        80.000000       0.64444200    
   284.55700        80.000000        1.4675220    
   294.73700        80.010000        1.6081260    
   304.73700        80.030000       0.39246400    
   314.73700        80.050000       0.53000000E-02
   324.72700        80.070000       0.23194000E-01
   334.72700        80.090000       0.26800000E-02
   344.72700        80.110000       0.42810000E-01
   131.27000        82.756000       0.38800000E-02
   141.27000        82.756000       0.29000000E-02
   151.27000        82.756000       0.34200000E-02
   161.27000        82.756000       0.14000000E-02
   171.27000        82.756000       0.13620800    
   181.27000        82.756000       0.37532000E-01
   191.27000        82.756000       0.12815000    
   0.0000000        83.096000       0.11658000E-01
   10.000000        83.096000       0.24200000E-02
   20.000000        83.096000       0.52800000E-02
   30.000000        83.096000       0.36600000E-02
   40.000000        83.096000       0.98580000E-02
   50.000000        83.096000       0.21456000E-01
   61.160000        83.186000       0.53000000E-02
   71.160000        83.186000       0.38000000E-02
   81.160000        83.186000       0.32600000E-02
   91.160000        83.186000       0.86580000E-02
   101.16000        83.186000       0.98380000E-02
   111.16000        83.186000       0.25214000E-01
   121.16000        83.186000       0.39200000E-02
   209.55700        85.000000       0.97580000E-02
   219.55700        85.000000       0.84660000E-01
   229.55700        85.000000       0.11518000E-01
   239.55700        85.000000       0.16516000E-01
   249.55700        85.000000       0.41450000E-01
   259.55700        85.000000       0.41830000E-01
   269.55700        85.000000        1.6544560    
   279.55700        85.000000       0.91180000E-02
   289.71700        85.000000       0.79580000E-02
   299.71700        85.020000       0.67180000E-02
   309.71700        85.040000       0.35200000E-02
   319.71700        85.060000       0.25200000E-02
   329.71700        85.080000       0.18456000E-01
   339.71700        85.100000       0.38400000E-02
   136.27000        87.756000       0.32600000E-02
   156.27000        87.756000       0.14178000E-01
   166.27000        87.756000       0.46600000E-02
   176.27000        87.756000       0.12325000    
   186.27000        87.756000       0.66580000E-02
   196.27000        87.756000       0.12098000E-01
   5.0000000        88.096000       0.14606400    
   15.000000        88.096000       0.19423400    
   25.000000        88.096000       0.32072000E-01
   35.000000        88.096000       0.18396000E-01
   45.000000        88.096000       0.35312000E-01
   55.000000        88.096000       0.16816000E-01
   66.160000        88.186000       0.13000000E-02
   76.160000        88.186000       0.12958000E-01
   86.160000        88.186000       0.16476000E-01
   96.160000        88.186000       0.32600000E-02
   106.16000        88.186000        0.0000000    
   116.16000        88.186000       0.34000000E-02
   126.16000        88.186000       0.35200000E-02
   204.55700        90.000000       0.23794000E-01
   214.55700        90.000000       0.22216000E-01
   224.55700        90.000000       0.11379200    
   234.55700        90.000000       0.95738000E-01
   244.55700        90.000000       0.95058000E-01
   254.55700        90.000000       0.56800000E-02
   264.55700        90.000000       0.31752000E-01
   274.55700        90.000000       0.49768000E-01
   284.55700        90.000000       0.41600000E-02
   294.70700        90.010000       0.56000000E-02
   304.70700        90.030000       0.66980000E-02
   314.70700        90.050000       0.22246600    
   324.70700        90.070000       0.64400000E-02
   334.70700        90.090000       0.57600000E-02
   344.70700        90.110000       0.44600000E-02
   131.27000        92.756000       0.33465800    
   141.27000        92.756000       0.21636000E-01
   151.27000        92.756000       0.82980000E-02
   161.27000        92.756000       0.22260600    
   171.27000        92.756000       0.39690000E-01
   181.27000        92.756000       0.15416000E-01
   191.27000        92.756000       0.44275200    
   20.000000        93.096000       0.36892000E-01
   30.000000        93.096000       0.11953200    
   40.000000        93.096000       0.48508000E-01
   50.000000        93.096000       0.32852000E-01
   61.160000        93.186000       0.16696000E-01
   71.160000        93.186000       0.11698000E-01
   81.160000        93.186000       0.87980000E-02
   91.160000        93.186000       0.28000000E-02
   101.16000        93.186000       0.33372000E-01
   111.16000        93.186000       0.72162000E-01
   121.16000        93.186000       0.42290000E-01
   209.55700        95.000000       0.57466000E-01
   219.55700        95.000000       0.67580000E-02
   229.55700        95.000000       0.27395400    
   239.55700        95.000000       0.56600000E-02
   249.55700        95.000000       0.92180000E-02
   259.55700        95.000000       0.16800000E-02
   269.55700        95.000000       0.15296000E-01
   279.55700        95.000000       0.28954000E-01
   289.69700        95.000000       0.38400000E-02
   299.69700        95.020000       0.28200000E-02
   309.69700        95.040000       0.58400000E-02
   319.69700        95.060000       0.57600000E-02
   329.69700        95.080000       0.64400000E-02
   339.69700        95.100000       0.13478000E-01
   136.27000        97.756000       0.17109800    
   146.27000        97.756000       0.62526000E-01
   156.27000        97.756000       0.87180000E-02
   166.27000        97.756000       0.93180000E-02
   176.27000        97.756000       0.44490000E-01
   186.27000        97.756000       0.57800000E-02
   196.27000        97.756000       0.39092000E-01
   35.000000        98.096000       0.23694000E-01
   45.000000        98.096000       0.39690000E-01
   55.000000        98.096000       0.42830000E-01
   66.160000        98.186000       0.88458000E-01
   76.160000        98.186000       0.15976000E-01
   86.160000        98.186000       0.13098000E-01
   96.160000        98.186000       0.98256000E-01
   106.16000        98.186000       0.87820000E-01
   126.16000        98.186000       0.98236000E-01
   204.55700        100.00000       0.26800000E-02
   214.55700        100.00000       0.22914000E-01
   224.55700        100.00000       0.16156000E-01
   234.55700        100.00000       0.55938400    
   244.55700        100.00000       0.11738000E-01
   254.55700        100.00000       0.52800000E-02
   264.55700        100.00000       0.27600000E-02
   274.55700        100.00000       0.17556000E-01
   284.55700        100.00000       0.19800000E-02
   294.68700        100.01000       0.34400000E-02
   304.68700        100.03000       0.16600000E-02
   314.68700        100.05000       0.34400000E-02
   324.68700        100.07000       0.29200000E-02
   334.68700        100.09000       0.13600000E-02
   344.68700        100.11000       0.14676000E-01
   131.27000        102.75600       0.24200000E-02
   141.27000        102.75600       0.57800000E-02
   151.27000        102.75600       0.33800000E-02
   161.27000        102.75600       0.52000000E-02
   171.27000        102.75600       0.10538000E-01
   181.27000        102.75600       0.35732000E-01
   191.27000        102.75600       0.24600000E-02
   50.000000        103.09600       0.36800000E-02
   61.160000        103.18600       0.55600000E-02
   71.160000        103.18600       0.68780000E-02
   81.160000        103.18600       0.14118000E-01
   91.160000        103.18600       0.24200000E-02
   101.16000        103.18600       0.52588000E-01
   111.16000        103.18600       0.99196000E-01
   121.16000        103.18600       0.20217200    
   209.55700        105.00000       0.14498000E-01
   219.55700        105.00000       0.68904000E-01
   229.55700        105.00000       0.57200000E-02
   239.55700        105.00000       0.13600000E-02
   249.55700        105.00000       0.57600000E-02
   259.55700        105.00000       0.49148000E-01
   269.55700        105.00000       0.26800000E-02
   279.55700        105.00000       0.60000000E-03
   289.67700        105.00000       0.18016000E-01
   299.67700        105.02000       0.60000000E-03
   309.67700        105.04000       0.74980000E-02
   319.67700        105.06000       0.86580000E-02
   329.67700        105.08000       0.33600000E-02
   339.67700        105.10000       0.14936000E-01
   136.27000        107.75600       0.50800000E-02
   146.27000        107.75600       0.14558000E-01
   156.27000        107.75600       0.25400000E-02
   166.27000        107.75600       0.16916000E-01
   176.27000        107.75600       0.13158000E-01
   186.27000        107.75600       0.22200000E-02
   196.27000        107.75600       0.21816000E-01
   66.160000        108.18600       0.12498000E-01
   76.160000        108.18600       0.24200000E-02
   86.160000        108.18600       0.34000000E-02
   96.160000        108.18600       0.10800000E-02
   106.16000        108.18600       0.10400000E-02
   116.16000        108.18600       0.42000000E-03
   126.16000        108.18600       0.67580000E-02
   214.55700        110.00000       0.24554000E-01
   224.55700        110.00000       0.17676000E-01
   234.55700        110.00000       0.78202000E-01
   244.55700        110.00000       0.20636000E-01
   254.55700        110.00000       0.14348600    
   264.55700        110.00000       0.10078000E-01
   274.55700        110.00000       0.38400000E-02
   284.55700        110.00000       0.84380000E-02
   294.66700        110.01000       0.13600000E-02
   304.66700        110.03000       0.28200000E-02
   314.66700        110.05000       0.54668000E-01
   324.66700        110.07000       0.66780000E-02
   131.27000        112.75600       0.10238000E-01
   141.27000        112.75600       0.10800000E-02
   161.27000        112.75600       0.15396000E-01
   171.27000        112.75600       0.44000000E-03
   181.27000        112.75600       0.41400000E-02
   191.27000        112.75600       0.47600000E-02
   71.160000        113.18600       0.48600000E-02
   81.160000        113.18600       0.10158000E-01
   91.160000        113.18600       0.42800000E-02
   101.16000        113.18600       0.31200000E-02
   111.16000        113.18600       0.14000000E-02
   121.16000        113.18600       0.63400000E-02
   219.55700        115.00000       0.13038000E-01
   229.55700        115.00000       0.41400000E-02
   239.55700        115.00000       0.20036000E-01
   249.55700        115.00000       0.29934000E-01
   259.55700        115.00000       0.24400000E-02
   269.55700        115.00000       0.28483000    
   279.55700        115.00000       0.13938000E-01
   289.65700        115.00000       0.37832000E-01
   299.65700        115.02000       0.13000000E-02
   319.65700        115.06000       0.20696000E-01
   136.27000        117.75600       0.14800000E-02
   146.27000        117.75600       0.52000000E-03
   156.27000        117.75600       0.17000000E-02
   166.27000        117.75600       0.12000000E-02
   176.27000        117.75600       0.12400000E-02
   186.27000        117.75600       0.10398000E-01
   196.27000        117.75600       0.30600000E-02
   76.160000        118.18600       0.10000000E-02
   86.160000        118.18600       0.24800000E-02
   96.160000        118.18600       0.11518000E-01
   106.16000        118.18600       0.21796000E-01
   116.16000        118.18600       0.79380000E-02
   126.16000        118.18600       0.29800000E-02
   204.55700        120.00000       0.14418000E-01
   214.55700        120.00000       0.40950000E-01
   224.55700        120.00000       0.38892000E-01
   234.55700        120.00000       0.10298000E-01
   244.55700        120.00000       0.24754000E-01
   254.55700        120.00000       0.42800000E-02
   264.55700        120.00000       0.59800000E-02
   274.55700        120.00000       0.73780000E-02
   284.55700        120.00000       0.17519800    
   294.64700        120.01000       0.14318000E-01
   304.64700        120.03000       0.43800000E-02
   314.64700        120.05000       0.76580000E-02
   324.64700        120.07000       0.76741200    
   131.27000        122.75600       0.34000000E-02
   141.27000        122.75600       0.22596000E-01
   151.27000        122.75600       0.31000000E-02
   161.27000        122.75600       0.24014000E-01
   171.27000        122.75600       0.61000000E-02
   181.27000        122.75600       0.10800000E-02
   191.27000        122.75600       0.98780000E-02
   201.27000        122.75600       0.16636000E-01
   81.160000        123.18600       0.63400000E-02
   91.160000        123.18600       0.46600000E-02
   101.16000        123.18600       0.92000000E-03
   111.16000        123.18600       0.58286000E-01
   121.16000        123.18600       0.25200000E-02
   209.55700        125.00000       0.79322000E-01
   219.55700        125.00000       0.34652000E-01
   229.55700        125.00000       0.64400000E-02
   239.55700        125.00000       0.15270400    
   249.55700        125.00000       0.63800000E-02
   259.55700        125.00000       0.11138000E-01
   269.55700        125.00000       0.10597400    
   279.55700        125.00000       0.14398000E-01
   289.63700        125.00000       0.75180000E-02
   299.63700        125.02000       0.36000000E-02
   309.63700        125.04000       0.24834000E-01
   319.63700        125.06000       0.23694000E-01
   329.63700        125.08000       0.10598000E-01
   136.27000        127.75600        0.0000000    
   146.27000        127.75600       0.11038000E-01
   156.27000        127.75600       0.35452000E-01
   166.27000        127.75600       0.72180000E-02
   176.27000        127.75600       0.17516000E-01
   186.27000        127.75600       0.13278000E-01
   196.27000        127.75600       0.22496000E-01
   96.160000        128.18600       0.87980000E-02
   106.16000        128.18600       0.62000000E-03
   116.16000        128.18600       0.51800000E-02
   126.16000        128.18600       0.44000000E-02
   204.55700        130.00000       0.16496000E-01
   214.55700        130.00000       0.19756000E-01
   224.55700        130.00000       0.13318000E-01
   234.55700        130.00000       0.14676000E-01
   244.55700        130.00000       0.15136000E-01
   254.55700        130.00000       0.65980000E-02
   264.55700        130.00000       0.98780000E-02
   274.55700        130.00000       0.60600000E-02
   284.55700        130.00000       0.17976000E-01
   294.62700        130.01000       0.25214000E-01
   304.62700        130.03000       0.50600000E-02
   314.62700        130.05000       0.47600000E-02
   324.62700        130.07000       0.13930600    
   344.59800        130.29800       0.29494000E-01
   131.27000        132.75600       0.42000000E-02
   141.27000        132.75600       0.56626000E-01
   151.27000        132.75600       0.11238000E-01
   161.27000        132.75600       0.79762000E-01
   171.27000        132.75600       0.19800000E-02
   181.27000        132.75600       0.87860000E-01
   191.27000        132.75600       0.33400000E-02
   201.27000        132.75600       0.23354000E-01
   81.160000        133.18600       0.12398000E-01
   101.16000        133.18600       0.54668000E-01
   111.16000        133.18600       0.92738000E-01
   121.16000        133.18600       0.32800000E-02
   209.55700        135.00000       0.20516000E-01
   219.55700        135.00000       0.50788000E-01
   229.55700        135.00000       0.17596000E-01
   239.55700        135.00000       0.12703000    
   249.55700        135.00000       0.21045000    
   259.55700        135.00000       0.20057200    
   269.55700        135.00000       0.15794200    
   279.55700        135.00000       0.13480800    
   289.61700        135.00000       0.19636000E-01
   299.61700        135.02000       0.31112000E-01
   309.61700        135.04000       0.41830000E-01
   319.61700        135.06000       0.46000000E-02
   329.61700        135.08000       0.80580000E-02
   136.27000        137.75600       0.49228000E-01
   146.27000        137.75600       0.11638000E-01
   156.27000        137.75600       0.33200000E-02
   166.27000        137.75600       0.49800000E-02
   176.27000        137.75600       0.39800000E-02
   186.27000        137.75600       0.37772000E-01
   196.27000        137.75600       0.73780000E-02
   116.16000        138.18600       0.36792000E-01
   126.16000        138.18600       0.21736000E-01
   204.55700        140.00000        1.0855940    
   214.55700        140.00000       0.21840800    
   224.55700        140.00000       0.40730000E-01
   234.55700        140.00000       0.22946400    
   244.55700        140.00000       0.18776000E-01
   254.55700        140.00000       0.21896000E-01
   264.55700        140.00000       0.83060000E-01
   274.55700        140.00000       0.14018000E-01
   284.55700        140.00000       0.54948000E-01
   294.60700        140.01000        1.8062980    
   304.60700        140.03000       0.58400000E-02
   314.60700        140.05000       0.42150000E-01
   324.60700        140.07000       0.32218200    
   344.56800        140.29800       0.45630000E-01
   131.27000        142.75600       0.69180000E-02
   141.27000        142.75600       0.28000000E-02
   151.27000        142.75600       0.57286000E-01
   161.27000        142.75600       0.15446200    
   171.27000        142.75600       0.29794000E-01
   181.27000        142.75600       0.35452000E-01
   191.27000        142.75600       0.12035200    
   201.27000        142.75600       0.51828000E-01
   101.16000        143.18600       0.24874000E-01
   111.16000        143.18600       0.29800000E-02
   121.16000        143.18600       0.10800000E-02
   209.55700        145.00000        1.0936320    
   219.55700        145.00000       0.56606000E-01
   229.55700        145.00000       0.17239800    
   239.55700        145.00000       0.59775400    
   249.55700        145.00000       0.53148000E-01
   259.55700        145.00000       0.99180000E-02
   269.55700        145.00000       0.36600000E-02
   279.55700        145.00000       0.13418000E-01
   289.59700        145.00000       0.14238000E-01
   299.59700        145.02000       0.12878000E-01
   309.59700        145.04000       0.48048000E-01
   319.59700        145.06000       0.14380600    
   329.59700        145.08000       0.56526000E-01
   136.27000        147.75600       0.16800000E-02
   146.27000        147.75600       0.47010000E-01
   156.27000        147.75600       0.57200000E-02
   166.27000        147.75600       0.68024000E-01
   176.27000        147.75600       0.31276400    
   186.27000        147.75600       0.94358000E-01
   196.27000        147.75600       0.26229600    
   106.16000        148.18600       0.48000000E-02
   116.16000        148.18600       0.12059200    
   126.16000        148.18600       0.23534000E-01
   204.55700        150.00000       0.53668000E-01
   214.55700        150.00000       0.23534000E-01
   224.55700        150.00000       0.43483400    
   234.55700        150.00000       0.24894000E-01
   244.55700        150.00000       0.11803200    
   254.55700        150.00000       0.12598000E-01
   264.55700        150.00000       0.10978000E-01
   274.55700        150.00000       0.83580000E-02
   284.55700        150.00000       0.27254000E-01
   294.58700        150.01000       0.18456000E-01
   304.58700        150.03000       0.57366000E-01
   314.58700        150.05000       0.41450000E-01
   324.58700        150.07000       0.19996000E-01
   131.27000        152.75600       0.10437600    
   141.27000        152.75600       0.77282000E-01
   151.27000        152.75600       0.14000000E-02
   161.27000        152.75600       0.78380000E-02
   171.27000        152.75600       0.65504000E-01
   181.27000        152.75600       0.19813200    
   191.27000        152.75600       0.71848400    
   201.27000        152.75600       0.51828000E-01
   121.16000        153.18600       0.28515000    
   209.55700        155.00000       0.62600000E-02
   219.55700        155.00000       0.69780000E-02
   229.55700        155.00000       0.32612000E-01
   239.55700        155.00000       0.25594000E-01
   249.55700        155.00000       0.76282000E-01
   259.55700        155.00000       0.26000000E-02
   269.55700        155.00000       0.99380000E-02
   279.55700        155.00000       0.22664600    
   329.90900        156.96400       0.65684000E-01
   136.27000        157.75600       0.48838200    
   156.27000        157.75600       0.81840000E-01
   166.27000        157.75600       0.44987000    
   176.27000        157.75600       0.79380000E-02
   186.27000        157.75600       0.89780000E-02
   196.27000        157.75600       0.84380000E-02
   204.55700        160.00000       0.15796000E-01
   141.27000        162.75600       0.67980000E-02
   151.27000        162.75600       0.23914000E-01
   161.27000        162.75600       0.19716000E-01
   171.27000        162.75600       0.32132000E-01
   181.27000        162.75600       0.14356600    
