data
8
I
X
Y
V
U
T
Cell Declustering Weight
Z
1.00000 11.00000 8.00000 0.00000 -999.00000 2.00000 2.57723 0
2.00000 8.00000 30.00000 0.00000 -999.00000 2.00000 2.50301 0
3.00000 9.00000 48.00000 224.40000 -999.00000 2.00000 2.00520 0
4.00000 8.00000 69.00000 434.40000 -999.00000 2.00000 1.49375 0
5.00000 9.00000 90.00000 412.10000 -999.00000 2.00000 1.20892 0
6.00000 10.00000 110.00000 587.20000 -999.00000 2.00000 2.16188 0
7.00000 9.00000 129.00000 192.30000 -999.00000 2.00000 2.42138 0
8.00000 11.00000 150.00000 31.30000 -999.00000 2.00000 2.32335 0
9.00000 10.00000 170.00000 388.50000 -999.00000 2.00000 2.38135 0
10.00000 8.00000 188.00000 174.60000 -999.00000 2.00000 2.40099 0
11.00000 9.00000 209.00000 187.80000 -999.00000 2.00000 2.60956 0
12.00000 10.00000 231.00000 82.10000 -999.00000 1.00000 2.35184 0
13.00000 11.00000 250.00000 81.10000 -999.00000 1.00000 2.30170 0
14.00000 10.00000 269.00000 124.30000 -999.00000 2.00000 2.38733 0
15.00000 8.00000 288.00000 188.00000 -999.00000 2.00000 2.48484 0
16.00000 31.00000 11.00000 28.70000 -999.00000 2.00000 1.44054 0
17.00000 29.00000 29.00000 78.10000 -999.00000 2.00000 2.11684 0
18.00000 28.00000 51.00000 292.10000 -999.00000 2.00000 1.26343 0
19.00000 31.00000 68.00000 895.20000 -999.00000 2.00000 0.36024 0
20.00000 28.00000 88.00000 702.60000 -999.00000 2.00000 0.34735 0
21.00000 30.00000 110.00000 490.30000 -999.00000 2.00000 1.54043 0
22.00000 28.00000 130.00000 136.10000 -999.00000 2.00000 1.98657 0
23.00000 28.00000 150.00000 335.00000 -999.00000 2.00000 1.16208 0
24.00000 30.00000 171.00000 277.00000 -999.00000 2.00000 0.87215 0
25.00000 28.00000 190.00000 206.10000 -999.00000 2.00000 1.04215 0
26.00000 31.00000 209.00000 24.50000 -999.00000 2.00000 0.73034 0
27.00000 28.00000 229.00000 198.10000 -999.00000 2.00000 1.77514 0
28.00000 30.00000 250.00000 60.30000 -999.00000 2.00000 1.66779 0
29.00000 31.00000 269.00000 312.60000 -999.00000 2.00000 0.93300 0
30.00000 31.00000 289.00000 240.90000 -999.00000 2.00000 1.80919 0
31.00000 49.00000 11.00000 653.30000 -999.00000 2.00000 0.55579 0
32.00000 49.00000 29.00000 96.40000 -999.00000 2.00000 1.02722 0
33.00000 51.00000 48.00000 105.00000 -999.00000 2.00000 1.62048 0
34.00000 49.00000 68.00000 37.80000 -999.00000 2.00000 0.89866 0
35.00000 50.00000 88.00000 820.80000 -999.00000 2.00000 0.35322 0
36.00000 51.00000 109.00000 450.70000 -999.00000 2.00000 1.06236 0
37.00000 48.00000 129.00000 190.40000 -999.00000 2.00000 1.11893 0
38.00000 49.00000 151.00000 773.30000 -999.00000 2.00000 0.38255 0
39.00000 51.00000 168.00000 971.90000 -999.00000 2.00000 0.30836 0
40.00000 48.00000 190.00000 762.40000 -999.00000 2.00000 0.31361 0
41.00000 50.00000 211.00000 968.30000 -999.00000 2.00000 0.34813 0
42.00000 49.00000 231.00000 394.70000 -999.00000 2.00000 1.54680 0
43.00000 51.00000 250.00000 343.00000 -999.00000 2.00000 1.09053 0
44.00000 50.00000 268.00000 863.80000 -999.00000 2.00000 0.38779 0
45.00000 51.00000 290.00000 159.60000 -999.00000 1.00000 1.59760 0
46.00000 71.00000 9.00000 445.80000 -999.00000 2.00000 1.40277 0
47.00000 71.00000 29.00000 673.30000 -999.00000 2.00000 0.39791 0
48.00000 70.00000 51.00000 252.60000 -999.00000 2.00000 0.77278 0
49.00000 68.00000 70.00000 537.50000 -999.00000 2.00000 1.15556 0
50.00000 69.00000 90.00000 0.00000 -999.00000 2.00000 0.56690 0
51.00000 68.00000 110.00000 329.10000 -999.00000 2.00000 0.67902 0
52.00000 68.00000 128.00000 646.30000 -999.00000 2.00000 0.40133 0
53.00000 69.00000 148.00000 616.20000 -999.00000 2.00000 0.33148 0
54.00000 69.00000 169.00000 761.30000 -999.00000 2.00000 0.34543 0
55.00000 70.00000 191.00000 918.00000 -999.00000 2.00000 0.35898 0
56.00000 69.00000 208.00000 97.40000 -999.00000 1.00000 0.77148 0
57.00000 69.00000 229.00000 0.00000 -999.00000 1.00000 2.08535 0
58.00000 68.00000 250.00000 0.00000 -999.00000 1.00000 1.77648 0
59.00000 71.00000 268.00000 0.00000 -999.00000 1.00000 1.55028 0
60.00000 71.00000 288.00000 2.40000 -999.00000 1.00000 1.96614 0
61.00000 91.00000 11.00000 368.30000 -999.00000 2.00000 2.02024 0
62.00000 91.00000 29.00000 91.60000 -999.00000 2.00000 0.87581 0
63.00000 90.00000 49.00000 654.70000 -999.00000 2.00000 0.32977 0
64.00000 91.00000 68.00000 645.50000 -999.00000 2.00000 0.40705 0
65.00000 91.00000 91.00000 907.20000 -999.00000 2.00000 0.38254 0
66.00000 91.00000 111.00000 826.30000 -999.00000 2.00000 0.32035 0
67.00000 89.00000 130.00000 975.30000 -999.00000 2.00000 0.30291 0
68.00000 88.00000 149.00000 551.10000 -999.00000 2.00000 0.78440 0
69.00000 89.00000 170.00000 155.50000 -999.00000 1.00000 0.98209 0
70.00000 89.00000 188.00000 10.70000 -999.00000 1.00000 1.43819 0
71.00000 90.00000 211.00000 0.00000 -999.00000 1.00000 2.10001 0
72.00000 90.00000 230.00000 0.00000 -999.00000 1.00000 2.30019 0
73.00000 88.00000 249.00000 0.00000 -999.00000 1.00000 2.44299 0
74.00000 88.00000 269.00000 12.10000 -999.00000 1.00000 2.19684 0
75.00000 88.00000 288.00000 62.20000 -999.00000 1.00000 2.23075 0
76.00000 109.00000 11.00000 399.60000 -999.00000 2.00000 2.39673 0
77.00000 111.00000 31.00000 176.60000 -999.00000 2.00000 1.80468 0
78.00000 108.00000 49.00000 402.00000 -999.00000 2.00000 1.20262 0
79.00000 109.00000 68.00000 260.60000 -999.00000 2.00000 1.34236 0
80.00000 108.00000 88.00000 192.00000 -999.00000 2.00000 1.42768 0
81.00000 110.00000 109.00000 237.60000 -999.00000 2.00000 0.83940 0
82.00000 109.00000 129.00000 702.00000 -999.00000 2.00000 0.38617 0
83.00000 110.00000 148.00000 38.50000 -999.00000 2.00000 1.46076 0
84.00000 111.00000 169.00000 22.10000 -999.00000 1.00000 2.57032 0
85.00000 111.00000 191.00000 2.70000 -999.00000 1.00000 2.20156 0
86.00000 110.00000 208.00000 17.90000 -999.00000 1.00000 2.17724 0
87.00000 109.00000 230.00000 174.20000 -999.00000 2.00000 2.39116 0
88.00000 109.00000 249.00000 12.90000 -999.00000 2.00000 2.37236 0
89.00000 109.00000 268.00000 187.80000 -999.00000 2.00000 2.37709 0
90.00000 111.00000 291.00000 268.80000 -999.00000 2.00000 2.57586 0
91.00000 130.00000 9.00000 572.50000 -999.00000 2.00000 2.42862 0
92.00000 131.00000 31.00000 29.10000 -999.00000 2.00000 2.22476 0
93.00000 130.00000 48.00000 75.20000 -999.00000 2.00000 2.40658 0
94.00000 128.00000 70.00000 399.90000 -999.00000 2.00000 2.46298 0
95.00000 129.00000 90.00000 243.10000 -999.00000 2.00000 2.49845 0
96.00000 131.00000 109.00000 0.00000 -999.00000 2.00000 2.05445 0
97.00000 129.00000 128.00000 244.70000 -999.00000 2.00000 1.49529 0
98.00000 131.00000 148.00000 185.20000 -999.00000 2.00000 2.07689 0
99.00000 131.00000 169.00000 26.00000 -999.00000 1.00000 2.37366 0
100.00000 129.00000 191.00000 0.00000 -999.00000 1.00000 2.25574 0
101.00000 128.00000 209.00000 100.30000 -999.00000 1.00000 1.93396 0
102.00000 130.00000 231.00000 530.30000 -999.00000 2.00000 1.53390 0
103.00000 131.00000 248.00000 107.40000 -999.00000 2.00000 1.90962 0
104.00000 128.00000 269.00000 159.30000 -999.00000 2.00000 2.38188 0
105.00000 131.00000 288.00000 70.70000 -999.00000 2.00000 2.19925 0
106.00000 148.00000 8.00000 260.20000 -999.00000 2.00000 2.37512 0
107.00000 149.00000 29.00000 326.00000 -999.00000 2.00000 2.39285 0
108.00000 150.00000 49.00000 332.70000 -999.00000 2.00000 2.40735 0
109.00000 151.00000 69.00000 531.30000 -999.00000 2.00000 2.27833 0
110.00000 150.00000 89.00000 547.20000 -999.00000 2.00000 2.34106 0
111.00000 150.00000 109.00000 482.70000 -999.00000 2.00000 2.42071 0
112.00000 150.00000 129.00000 84.10000 -999.00000 2.00000 2.36622 0
113.00000 150.00000 151.00000 4.70000 -999.00000 2.00000 2.37001 0
114.00000 149.00000 169.00000 180.60000 -999.00000 2.00000 2.28744 0
115.00000 151.00000 190.00000 0.00000 -999.00000 1.00000 1.84327 0
116.00000 148.00000 208.00000 342.40000 -999.00000 2.00000 1.16403 0
117.00000 150.00000 228.00000 602.30000 -999.00000 2.00000 0.48891 0
118.00000 149.00000 251.00000 209.10000 -999.00000 2.00000 1.61370 0
119.00000 149.00000 271.00000 79.40000 -999.00000 2.00000 2.34806 0
120.00000 148.00000 291.00000 104.10000 -999.00000 2.00000 2.29404 0
121.00000 168.00000 8.00000 446.00000 -999.00000 2.00000 2.55594 0
122.00000 171.00000 29.00000 189.90000 -999.00000 2.00000 2.56100 0
123.00000 169.00000 49.00000 280.40000 -999.00000 2.00000 2.44053 0
124.00000 168.00000 69.00000 0.00000 -999.00000 1.00000 2.30628 0
125.00000 168.00000 91.00000 499.30000 -999.00000 2.00000 2.28190 0
126.00000 171.00000 109.00000 457.30000 -999.00000 2.00000 2.24527 0
127.00000 168.00000 131.00000 341.20000 -999.00000 2.00000 2.32076 0
128.00000 171.00000 150.00000 0.00000 -999.00000 2.00000 2.34502 0
129.00000 171.00000 171.00000 208.30000 -999.00000 2.00000 2.47798 0
130.00000 169.00000 191.00000 99.70000 -999.00000 1.00000 1.31322 0
131.00000 170.00000 210.00000 636.60000 -999.00000 2.00000 0.45098 0
132.00000 170.00000 230.00000 173.10000 -999.00000 2.00000 1.15120 0
133.00000 169.00000 249.00000 17.00000 -999.00000 2.00000 2.02781 0
134.00000 168.00000 271.00000 283.10000 -999.00000 2.00000 2.38346 0
135.00000 168.00000 290.00000 30.90000 -999.00000 1.00000 2.45616 0
136.00000 190.00000 11.00000 348.50000 -999.00000 2.00000 2.41763 0
137.00000 191.00000 28.00000 222.40000 -999.00000 2.00000 2.19399 0
138.00000 191.00000 48.00000 59.10000 -999.00000 2.00000 2.51478 0
139.00000 190.00000 69.00000 0.00000 -999.00000 1.00000 2.10790 0
140.00000 190.00000 89.00000 326.00000 -999.00000 2.00000 1.24128 0
141.00000 188.00000 111.00000 325.10000 -999.00000 2.00000 1.74990 0
142.00000 191.00000 129.00000 114.70000 -999.00000 2.00000 2.00959 0
143.00000 189.00000 149.00000 481.60000 -999.00000 2.00000 1.20476 0
144.00000 190.00000 169.00000 324.10000 -999.00000 2.00000 1.86191 0
145.00000 190.00000 189.00000 10.90000 -999.00000 1.00000 2.07491 0
146.00000 188.00000 210.00000 332.90000 -999.00000 2.00000 1.43022 0
147.00000 191.00000 231.00000 184.40000 -999.00000 2.00000 2.12956 0
148.00000 190.00000 248.00000 146.60000 -999.00000 2.00000 2.37877 0
149.00000 189.00000 270.00000 92.00000 -999.00000 1.00000 2.45568 0
150.00000 189.00000 290.00000 2.50000 -999.00000 1.00000 2.46095 0
151.00000 211.00000 11.00000 358.10000 -999.00000 2.00000 1.07444 0
152.00000 209.00000 30.00000 473.30000 -999.00000 2.00000 1.71868 0
153.00000 211.00000 49.00000 308.80000 -999.00000 2.00000 2.38036 0
154.00000 210.00000 70.00000 406.80000 -999.00000 2.00000 1.60055 0
155.00000 209.00000 90.00000 812.10000 -999.00000 2.00000 0.39786 0
156.00000 210.00000 111.00000 339.70000 -999.00000 2.00000 1.43886 0
157.00000 211.00000 130.00000 223.90000 -999.00000 2.00000 1.41792 0
158.00000 208.00000 151.00000 673.50000 -999.00000 2.00000 0.44242 0
159.00000 209.00000 168.00000 141.00000 -999.00000 2.00000 1.45798 0
160.00000 208.00000 191.00000 61.80000 -999.00000 1.00000 2.38797 0
161.00000 210.00000 211.00000 258.30000 -999.00000 2.00000 1.56810 0
162.00000 211.00000 228.00000 590.30000 -999.00000 2.00000 1.14721 0
163.00000 211.00000 250.00000 166.90000 -999.00000 2.00000 2.07906 0
164.00000 208.00000 268.00000 125.20000 -999.00000 2.00000 2.33210 0
165.00000 208.00000 289.00000 29.30000 -999.00000 1.00000 2.47415 0
166.00000 231.00000 10.00000 617.60000 -999.00000 2.00000 0.54066 0
167.00000 231.00000 28.00000 425.90000 -999.00000 2.00000 1.49548 0
168.00000 230.00000 50.00000 295.70000 -999.00000 2.00000 2.37067 0
169.00000 230.00000 71.00000 224.90000 -999.00000 2.00000 2.16384 0
170.00000 229.00000 91.00000 31.70000 -999.00000 1.00000 1.36606 0
171.00000 229.00000 110.00000 377.40000 -999.00000 2.00000 1.88930 0
172.00000 230.00000 131.00000 333.30000 -999.00000 2.00000 1.85803 0
173.00000 228.00000 148.00000 351.00000 -999.00000 2.00000 1.24340 0
174.00000 229.00000 169.00000 0.00000 -999.00000 1.00000 2.09769 0
175.00000 231.00000 191.00000 137.60000 -999.00000 2.00000 2.25659 0
176.00000 231.00000 208.00000 451.20000 -999.00000 2.00000 1.38704 0
177.00000 229.00000 228.00000 639.50000 -999.00000 2.00000 0.39343 0
178.00000 231.00000 249.00000 119.90000 -999.00000 2.00000 1.41598 0
179.00000 231.00000 268.00000 27.20000 -999.00000 1.00000 2.23652 0
180.00000 230.00000 291.00000 2.10000 -999.00000 1.00000 2.55360 0
181.00000 249.00000 9.00000 167.70000 -999.00000 2.00000 1.51874 0
182.00000 250.00000 30.00000 147.80000 -999.00000 2.00000 2.13710 0
183.00000 249.00000 48.00000 442.70000 -999.00000 2.00000 2.37373 0
184.00000 251.00000 69.00000 487.70000 -999.00000 2.00000 2.61234 0
185.00000 251.00000 91.00000 0.00000 -999.00000 1.00000 2.50731 0
186.00000 248.00000 109.00000 28.20000 -999.00000 1.00000 2.41870 0
187.00000 249.00000 130.00000 0.00000 -999.00000 1.00000 2.44643 0
188.00000 248.00000 150.00000 18.30000 -999.00000 1.00000 2.46763 0
189.00000 250.00000 169.00000 266.30000 -999.00000 2.00000 2.53780 0
190.00000 250.00000 190.00000 502.30000 -999.00000 2.00000 2.32046 0
191.00000 251.00000 208.00000 0.00000 -999.00000 2.00000 2.09633 0
192.00000 251.00000 229.00000 240.90000 -999.00000 2.00000 1.38086 0
193.00000 249.00000 251.00000 234.40000 -999.00000 2.00000 1.98760 0
194.00000 248.00000 270.00000 22.40000 -999.00000 1.00000 2.27275 0
195.00000 250.00000 291.00000 45.60000 -999.00000 1.00000 2.55360 0
196.00000 40.00000 71.00000 76.20000 1.10000 2.00000 0.38743 0
197.00000 21.00000 69.00000 284.30000 7.80000 2.00000 0.47433 0
198.00000 28.00000 80.00000 606.80000 105.30000 2.00000 0.33218 0
199.00000 29.00000 59.00000 772.70000 1512.70000 2.00000 0.48712 0
200.00000 41.00000 81.00000 269.50000 9.80000 2.00000 0.33708 0
201.00000 18.00000 80.00000 1036.70000 860.40000 2.00000 0.43863 0
202.00000 39.00000 60.00000 238.60000 12.70000 2.00000 0.50063 0
203.00000 18.00000 60.00000 519.40000 177.10000 2.00000 0.79076 0
204.00000 41.00000 90.00000 414.90000 23.40000 2.00000 0.33576 0
205.00000 21.00000 90.00000 601.40000 173.10000 2.00000 0.41834 0
206.00000 31.00000 101.00000 579.20000 296.50000 2.00000 0.58021 0
207.00000 41.00000 100.00000 601.40000 300.60000 2.00000 0.46206 0
208.00000 21.00000 100.00000 594.60000 229.70000 2.00000 0.73053 0
209.00000 60.00000 8.00000 550.10000 258.30000 2.00000 0.86212 0
210.00000 40.00000 11.00000 99.40000 2.20000 2.00000 0.75050 0
211.00000 51.00000 18.00000 233.60000 14.20000 2.00000 0.54277 0
212.00000 59.00000 20.00000 14.40000 0.10000 2.00000 0.51417 0
213.00000 41.00000 21.00000 115.90000 3.10000 2.00000 0.86295 0
214.00000 59.00000 90.00000 506.20000 126.90000 2.00000 0.46780 0
215.00000 51.00000 101.00000 502.40000 73.80000 2.00000 0.52844 0
216.00000 50.00000 81.00000 608.00000 210.70000 2.00000 0.38577 0
217.00000 59.00000 101.00000 363.90000 30.40000 2.00000 0.65633 0
218.00000 60.00000 81.00000 385.60000 50.30000 2.00000 0.58296 0
219.00000 60.00000 151.00000 1521.10000 3691.80000 2.00000 0.32291 0
220.00000 38.00000 148.00000 340.90000 50.00000 2.00000 0.58946 0
221.00000 50.00000 160.00000 879.10000 474.20000 2.00000 0.32134 0
222.00000 50.00000 138.00000 413.40000 83.00000 2.00000 0.57199 0
223.00000 61.00000 158.00000 868.90000 983.80000 2.00000 0.30747 0
224.00000 39.00000 160.00000 657.40000 217.80000 2.00000 0.41966 0
225.00000 61.00000 139.00000 477.00000 71.50000 2.00000 0.38998 0
226.00000 38.00000 140.00000 268.50000 26.20000 2.00000 0.86206 0
227.00000 61.00000 170.00000 806.40000 301.10000 2.00000 0.33266 0
228.00000 39.00000 170.00000 914.40000 1548.50000 2.00000 0.37155 0
229.00000 49.00000 179.00000 811.50000 234.90000 2.00000 0.32371 0
230.00000 58.00000 179.00000 1113.60000 2154.70000 2.00000 0.33846 0
231.00000 39.00000 181.00000 1008.00000 3637.40000 2.00000 0.37584 0
232.00000 60.00000 191.00000 1528.10000 1930.90000 2.00000 0.30187 0
233.00000 40.00000 190.00000 970.90000 1391.10000 2.00000 0.35682 0
234.00000 51.00000 198.00000 1109.00000 1660.80000 2.00000 0.29667 0
235.00000 60.00000 198.00000 1203.90000 1813.70000 2.00000 0.29579 0
236.00000 40.00000 200.00000 641.30000 249.10000 2.00000 0.36490 0
237.00000 58.00000 208.00000 720.60000 1160.10000 2.00000 0.36427 0
238.00000 38.00000 209.00000 665.30000 547.80000 2.00000 0.37309 0
239.00000 50.00000 221.00000 543.30000 1066.60000 2.00000 0.51906 0
240.00000 61.00000 220.00000 101.10000 59.50000 1.00000 0.73382 0
241.00000 39.00000 221.00000 615.90000 420.90000 2.00000 0.52024 0
242.00000 59.00000 268.00000 543.10000 1714.20000 2.00000 0.55130 0
243.00000 41.00000 271.00000 868.80000 828.70000 2.00000 0.41215 0
244.00000 49.00000 278.00000 583.00000 1788.80000 2.00000 0.50675 0
245.00000 51.00000 260.00000 670.70000 3738.90000 2.00000 0.43659 0
246.00000 59.00000 281.00000 148.80000 675.00000 1.00000 0.84906 0
247.00000 39.00000 279.00000 798.00000 1182.10000 2.00000 0.54378 0
248.00000 59.00000 258.00000 194.90000 983.30000 1.00000 0.64216 0
249.00000 38.00000 260.00000 635.20000 766.60000 2.00000 0.56836 0
250.00000 78.00000 28.00000 781.60000 565.40000 2.00000 0.41900 0
251.00000 60.00000 29.00000 238.60000 12.70000 2.00000 0.54147 0
252.00000 70.00000 41.00000 472.00000 84.90000 2.00000 0.44362 0
253.00000 70.00000 21.00000 58.10000 0.30000 2.00000 0.54118 0
254.00000 78.00000 41.00000 600.30000 124.60000 2.00000 0.32779 0
255.00000 61.00000 41.00000 64.90000 0.80000 2.00000 0.76440 0
256.00000 78.00000 20.00000 505.90000 70.00000 2.00000 0.69234 0
257.00000 80.00000 131.00000 801.60000 421.10000 2.00000 0.31731 0
258.00000 58.00000 128.00000 158.80000 4.30000 2.00000 0.57298 0
259.00000 71.00000 140.00000 606.30000 175.10000 2.00000 0.33031 0
260.00000 70.00000 121.00000 30.70000 0.00000 2.00000 0.46552 0
261.00000 79.00000 138.00000 730.10000 1694.50000 2.00000 0.31377 0
262.00000 80.00000 119.00000 421.20000 35.10000 2.00000 0.37595 0
263.00000 61.00000 121.00000 104.80000 1.80000 2.00000 0.67392 0
264.00000 79.00000 149.00000 44.10000 0.00000 2.00000 0.36500 0
265.00000 71.00000 160.00000 801.10000 2535.00000 2.00000 0.32355 0
266.00000 78.00000 159.00000 742.00000 3371.50000 2.00000 0.36192 0
267.00000 80.00000 168.00000 689.10000 634.60000 2.00000 0.42549 0
268.00000 69.00000 181.00000 424.60000 762.60000 2.00000 0.36761 0
269.00000 79.00000 181.00000 184.30000 241.70000 2.00000 0.50221 0
270.00000 80.00000 188.00000 245.20000 431.10000 2.00000 0.53810 0
271.00000 70.00000 198.00000 630.00000 1992.10000 2.00000 0.38200 0
272.00000 81.00000 200.00000 0.00000 0.00000 1.00000 0.81778 0
273.00000 100.00000 48.00000 48.70000 0.00000 2.00000 0.48226 0
274.00000 80.00000 49.00000 757.40000 473.80000 2.00000 0.37183 0
275.00000 90.00000 58.00000 739.80000 280.20000 2.00000 0.35268 0
276.00000 88.00000 39.00000 520.70000 76.80000 2.00000 0.36870 0
277.00000 100.00000 60.00000 0.00000 0.00000 2.00000 0.50913 0
278.00000 80.00000 59.00000 0.00000 0.00000 2.00000 0.45734 0
279.00000 101.00000 38.00000 730.50000 464.00000 2.00000 0.58494 0
280.00000 101.00000 68.00000 383.10000 97.80000 2.00000 0.58442 0
281.00000 79.00000 70.00000 508.80000 103.90000 2.00000 0.60658 0
282.00000 90.00000 79.00000 573.30000 138.30000 2.00000 0.45353 0
283.00000 100.00000 78.00000 372.40000 70.90000 2.00000 0.59860 0
284.00000 81.00000 81.00000 585.80000 197.20000 2.00000 0.52505 0
285.00000 100.00000 91.00000 397.20000 38.90000 2.00000 0.54744 0
286.00000 80.00000 89.00000 614.50000 192.30000 2.00000 0.47025 0
287.00000 91.00000 99.00000 734.90000 159.60000 2.00000 0.34149 0
288.00000 101.00000 100.00000 599.30000 539.30000 2.00000 0.49189 0
289.00000 81.00000 98.00000 181.20000 1.30000 2.00000 0.41503 0
290.00000 98.00000 111.00000 744.80000 1987.00000 2.00000 0.33650 0
291.00000 81.00000 108.00000 1022.30000 643.00000 2.00000 0.39674 0
292.00000 90.00000 120.00000 899.30000 1290.30000 2.00000 0.31681 0
293.00000 100.00000 118.00000 363.70000 20.50000 2.00000 0.31429 0
294.00000 98.00000 130.00000 513.20000 263.90000 2.00000 0.31739 0
295.00000 90.00000 140.00000 648.80000 2147.50000 2.00000 0.37516 0
296.00000 90.00000 138.00000 645.40000 1927.10000 2.00000 0.33623 0
297.00000 121.00000 131.00000 13.00000 0.20000 2.00000 0.61699 0
298.00000 111.00000 140.00000 190.30000 48.80000 2.00000 0.60438 0
299.00000 108.00000 121.00000 893.00000 3070.90000 2.00000 0.37855 0
300.00000 120.00000 141.00000 104.70000 14.60000 2.00000 0.81306 0
301.00000 119.00000 118.00000 150.40000 16.90000 2.00000 0.72945 0
302.00000 158.00000 228.00000 558.40000 551.60000 2.00000 0.52199 0
303.00000 140.00000 229.00000 558.00000 513.90000 2.00000 0.63845 0
304.00000 150.00000 241.00000 318.50000 129.20000 2.00000 0.70941 0
305.00000 151.00000 218.00000 394.30000 239.20000 2.00000 0.59853 0
306.00000 161.00000 241.00000 141.90000 8.60000 2.00000 0.90367 0
307.00000 141.00000 240.00000 112.50000 4.60000 2.00000 0.79751 0
308.00000 160.00000 218.00000 580.40000 1118.70000 2.00000 0.51171 0
309.00000 139.00000 220.00000 535.90000 445.70000 2.00000 0.89409 0
310.00000 178.00000 211.00000 398.20000 561.80000 2.00000 0.57662 0
311.00000 159.00000 209.00000 517.30000 148.80000 2.00000 0.56545 0
312.00000 169.00000 221.00000 427.20000 197.20000 2.00000 0.60410 0
313.00000 170.00000 198.00000 367.60000 1429.80000 2.00000 0.72087 0
314.00000 180.00000 218.00000 374.70000 77.50000 2.00000 0.78932 0
315.00000 178.00000 201.00000 144.80000 81.30000 2.00000 0.77456 0
316.00000 158.00000 198.00000 169.80000 154.50000 2.00000 0.87165 0
317.00000 219.00000 88.00000 235.10000 136.90000 2.00000 0.56599 0
318.00000 198.00000 90.00000 611.70000 735.80000 2.00000 0.44999 0
319.00000 211.00000 100.00000 746.40000 710.60000 2.00000 0.46742 0
320.00000 208.00000 80.00000 436.60000 495.80000 2.00000 0.64321 0
321.00000 221.00000 99.00000 540.90000 586.80000 2.00000 0.68439 0
322.00000 199.00000 98.00000 801.00000 1419.00000 2.00000 0.49699 0
323.00000 220.00000 81.00000 272.10000 177.30000 2.00000 0.81137 0
324.00000 198.00000 78.00000 204.10000 86.00000 2.00000 0.83291 0
325.00000 220.00000 150.00000 543.90000 675.00000 2.00000 0.63827 0
326.00000 200.00000 150.00000 606.20000 381.10000 2.00000 0.49133 0
327.00000 208.00000 159.00000 356.00000 280.40000 2.00000 0.61096 0
328.00000 210.00000 140.00000 440.90000 330.30000 2.00000 0.63301 0
329.00000 221.00000 160.00000 301.80000 365.60000 2.00000 0.91121 0
330.00000 198.00000 161.00000 369.40000 154.50000 2.00000 0.77373 0
331.00000 219.00000 139.00000 166.80000 24.50000 2.00000 0.81893 0
332.00000 200.00000 139.00000 230.90000 42.20000 2.00000 0.79157 0
333.00000 239.00000 8.00000 240.30000 80.20000 2.00000 0.79006 0
334.00000 218.00000 8.00000 737.10000 1373.40000 2.00000 0.68241 0
335.00000 229.00000 19.00000 518.60000 147.70000 2.00000 0.52694 0
336.00000 239.00000 18.00000 390.70000 186.70000 2.00000 0.76598 0
337.00000 218.00000 18.00000 797.40000 1429.70000 2.00000 0.51405 0
338.00000 238.00000 229.00000 602.60000 1510.90000 2.00000 0.45354 0
339.00000 218.00000 228.00000 430.80000 265.20000 2.00000 0.56991 0
340.00000 231.00000 239.00000 354.10000 478.00000 2.00000 0.59454 0
341.00000 230.00000 221.00000 602.40000 538.90000 2.00000 0.43102 0
342.00000 240.00000 239.00000 172.60000 51.90000 2.00000 0.72276 0
343.00000 221.00000 241.00000 324.80000 290.90000 2.00000 0.90673 0
344.00000 239.00000 220.00000 420.10000 398.30000 2.00000 0.65523 0
345.00000 218.00000 218.00000 763.50000 1236.70000 2.00000 0.60723 0
346.00000 35.00000 71.00000 687.80000 486.80000 2.00000 0.34299 0
347.00000 24.00000 71.00000 735.80000 463.90000 2.00000 0.39467 0
348.00000 34.00000 88.00000 86.90000 0.10000 2.00000 0.33440 0
349.00000 23.00000 91.00000 817.00000 708.80000 2.00000 0.41341 0
350.00000 54.00000 10.00000 637.90000 349.40000 2.00000 0.63486 0
351.00000 46.00000 11.00000 512.30000 392.00000 2.00000 0.57561 0
352.00000 55.00000 89.00000 423.40000 21.20000 2.00000 0.41397 0
353.00000 45.00000 89.00000 569.60000 62.80000 2.00000 0.32620 0
354.00000 53.00000 150.00000 858.00000 873.00000 2.00000 0.37362 0
355.00000 46.00000 148.00000 234.00000 7.50000 2.00000 0.45433 0
356.00000 55.00000 168.00000 876.00000 288.10000 2.00000 0.30757 0
357.00000 43.00000 170.00000 1082.80000 1174.90000 2.00000 0.33892 0
358.00000 55.00000 191.00000 1392.60000 1004.70000 2.00000 0.29942 0
359.00000 44.00000 191.00000 646.60000 76.80000 2.00000 0.32151 0
360.00000 55.00000 211.00000 889.50000 938.80000 2.00000 0.38580 0
361.00000 46.00000 211.00000 509.20000 429.70000 2.00000 0.33888 0
362.00000 54.00000 269.00000 613.10000 2922.40000 2.00000 0.46718 0
363.00000 43.00000 271.00000 767.80000 198.10000 2.00000 0.39123 0
364.00000 73.00000 29.00000 649.40000 231.70000 2.00000 0.38945 0
365.00000 64.00000 31.00000 235.40000 10.80000 2.00000 0.50363 0
366.00000 75.00000 129.00000 782.80000 639.30000 2.00000 0.34638 0
367.00000 64.00000 129.00000 227.30000 8.60000 2.00000 0.43617 0
368.00000 73.00000 149.00000 722.90000 696.10000 2.00000 0.32610 0
369.00000 64.00000 151.00000 974.50000 664.10000 2.00000 0.30896 0
370.00000 75.00000 171.00000 512.20000 144.80000 2.00000 0.38951 0
371.00000 63.00000 168.00000 1215.80000 1446.10000 2.00000 0.31541 0
372.00000 73.00000 188.00000 687.10000 2351.50000 2.00000 0.40061 0
373.00000 64.00000 191.00000 1259.90000 1257.60000 2.00000 0.30877 0
374.00000 93.00000 48.00000 687.50000 373.20000 2.00000 0.35417 0
375.00000 86.00000 48.00000 471.90000 31.80000 2.00000 0.32390 0
376.00000 93.00000 70.00000 512.10000 196.10000 2.00000 0.43830 0
377.00000 84.00000 69.00000 963.90000 1210.00000 2.00000 0.49155 0
378.00000 93.00000 90.00000 874.00000 1031.30000 2.00000 0.41326 0
379.00000 86.00000 89.00000 582.40000 117.00000 2.00000 0.39861 0
380.00000 96.00000 111.00000 553.20000 360.50000 2.00000 0.32119 0
381.00000 85.00000 108.00000 937.30000 1495.50000 2.00000 0.35172 0
382.00000 93.00000 131.00000 883.60000 1336.80000 2.00000 0.30925 0
383.00000 86.00000 131.00000 879.90000 965.30000 2.00000 0.30414 0
384.00000 114.00000 131.00000 268.40000 104.40000 2.00000 0.45563 0
385.00000 106.00000 130.00000 651.50000 1957.70000 2.00000 0.35390 0
386.00000 155.00000 229.00000 386.40000 88.20000 2.00000 0.50609 0
387.00000 145.00000 230.00000 333.20000 63.50000 2.00000 0.54452 0
388.00000 174.00000 208.00000 339.20000 335.00000 2.00000 0.51082 0
389.00000 166.00000 211.00000 600.30000 647.60000 2.00000 0.47365 0
390.00000 215.00000 89.00000 595.20000 1457.00000 2.00000 0.46563 0
391.00000 205.00000 89.00000 809.60000 955.80000 2.00000 0.39939 0
392.00000 215.00000 148.00000 293.30000 67.70000 2.00000 0.53095 0
393.00000 204.00000 151.00000 697.30000 444.50000 2.00000 0.45128 0
394.00000 236.00000 9.00000 515.90000 1593.80000 2.00000 0.63749 0
395.00000 223.00000 9.00000 613.20000 277.60000 2.00000 0.53617 0
396.00000 236.00000 229.00000 665.30000 1962.00000 2.00000 0.42488 0
397.00000 226.00000 230.00000 813.60000 2279.80000 2.00000 0.45251 0
398.00000 35.00000 80.00000 174.80000 2.00000 2.00000 0.32994 0
399.00000 24.00000 79.00000 891.80000 635.70000 2.00000 0.35024 0
400.00000 36.00000 61.00000 699.60000 1547.80000 2.00000 0.44275 0
401.00000 26.00000 58.00000 39.50000 0.30000 2.00000 0.55610 0
402.00000 16.00000 80.00000 915.60000 634.80000 2.00000 0.49890 0
403.00000 43.00000 60.00000 584.00000 97.40000 2.00000 0.63949 0
404.00000 15.00000 88.00000 610.00000 319.30000 2.00000 0.57826 0
405.00000 46.00000 99.00000 566.80000 100.20000 2.00000 0.43537 0
406.00000 36.00000 99.00000 38.10000 0.00000 2.00000 0.44911 0
407.00000 54.00000 80.00000 483.00000 105.00000 2.00000 0.49159 0
408.00000 46.00000 81.00000 542.60000 138.60000 2.00000 0.35635 0
409.00000 54.00000 161.00000 959.30000 466.70000 2.00000 0.30984 0
410.00000 43.00000 161.00000 631.90000 261.10000 2.00000 0.37034 0
411.00000 65.00000 160.00000 928.30000 2252.50000 2.00000 0.30669 0
412.00000 33.00000 160.00000 431.00000 48.60000 2.00000 0.61455 0
413.00000 36.00000 170.00000 672.30000 605.50000 2.00000 0.43641 0
414.00000 53.00000 179.00000 1003.40000 425.40000 2.00000 0.32512 0
415.00000 44.00000 180.00000 876.40000 937.80000 2.00000 0.32823 0
416.00000 65.00000 181.00000 734.10000 589.30000 2.00000 0.34972 0
417.00000 34.00000 180.00000 366.00000 110.20000 2.00000 0.49367 0
418.00000 33.00000 191.00000 296.50000 79.10000 2.00000 0.51735 0
419.00000 55.00000 199.00000 1069.20000 376.40000 2.00000 0.29928 0
420.00000 46.00000 198.00000 804.30000 674.60000 2.00000 0.30618 0
421.00000 63.00000 201.00000 731.10000 1363.30000 2.00000 0.33633 0
422.00000 34.00000 201.00000 318.10000 79.60000 2.00000 0.47327 0
423.00000 65.00000 210.00000 238.60000 488.30000 2.00000 0.54724 0
424.00000 35.00000 208.00000 428.90000 161.20000 2.00000 0.41604 0
425.00000 46.00000 220.00000 734.40000 1236.10000 2.00000 0.45601 0
426.00000 36.00000 219.00000 429.10000 152.30000 2.00000 0.49606 0
427.00000 35.00000 217.00000 597.40000 397.00000 2.00000 0.48217 0
428.00000 53.00000 258.00000 442.60000 1696.40000 2.00000 0.51889 0
429.00000 46.00000 260.00000 765.20000 779.80000 2.00000 0.44217 0
430.00000 45.00000 281.00000 605.50000 934.80000 2.00000 0.57278 0
431.00000 35.00000 278.00000 795.90000 1588.30000 2.00000 0.64888 0
432.00000 35.00000 259.00000 235.00000 18.90000 2.00000 0.71703 0
433.00000 84.00000 30.00000 562.00000 85.30000 2.00000 0.51192 0
434.00000 84.00000 41.00000 411.40000 34.00000 2.00000 0.32794 0
435.00000 75.00000 40.00000 696.70000 356.20000 2.00000 0.35228 0
436.00000 73.00000 141.00000 790.90000 607.30000 2.00000 0.32066 0
437.00000 63.00000 140.00000 696.50000 357.80000 2.00000 0.36671 0
438.00000 84.00000 138.00000 687.30000 893.40000 2.00000 0.32260 0
439.00000 76.00000 159.00000 597.50000 997.30000 2.00000 0.34139 0
440.00000 84.00000 161.00000 437.40000 387.20000 2.00000 0.54602 0
441.00000 86.00000 169.00000 317.40000 761.70000 2.00000 0.66308 0
442.00000 73.00000 199.00000 470.70000 5190.10000 2.00000 0.46662 0
443.00000 76.00000 51.00000 498.70000 101.80000 2.00000 0.46672 0
444.00000 94.00000 61.00000 778.70000 1354.00000 2.00000 0.38418 0
445.00000 85.00000 60.00000 523.30000 117.50000 2.00000 0.38955 0
446.00000 104.00000 38.00000 617.10000 200.20000 2.00000 0.69775 0
447.00000 93.00000 41.00000 395.50000 28.40000 2.00000 0.40493 0
448.00000 75.00000 90.00000 518.90000 113.00000 2.00000 0.52434 0
449.00000 94.00000 101.00000 383.70000 12.90000 2.00000 0.34675 0
450.00000 85.00000 100.00000 704.10000 126.00000 2.00000 0.35966 0
451.00000 104.00000 109.00000 562.30000 908.60000 2.00000 0.44500 0
452.00000 75.00000 110.00000 655.30000 349.00000 2.00000 0.52506 0
453.00000 95.00000 121.00000 823.60000 548.40000 2.00000 0.30449 0
454.00000 83.00000 119.00000 847.70000 701.40000 2.00000 0.35603 0
455.00000 94.00000 140.00000 607.50000 723.20000 2.00000 0.42067 0
456.00000 103.00000 139.00000 491.20000 565.30000 2.00000 0.48496 0
457.00000 114.00000 120.00000 319.50000 154.20000 2.00000 0.53274 0
458.00000 104.00000 118.00000 594.00000 289.20000 2.00000 0.33660 0
459.00000 196.00000 91.00000 433.50000 254.10000 2.00000 0.51461 0
460.00000 215.00000 101.00000 209.60000 4.00000 2.00000 0.57090 0
461.00000 204.00000 101.00000 533.80000 127.30000 2.00000 0.50713 0
462.00000 196.00000 101.00000 592.40000 419.40000 2.00000 0.64250 0
463.00000 195.00000 149.00000 478.70000 141.90000 2.00000 0.67455 0
464.00000 216.00000 11.00000 660.20000 1424.80000 2.00000 0.56903 0
465.00000 225.00000 19.00000 832.20000 512.20000 2.00000 0.49475 0
466.00000 214.00000 19.00000 242.50000 15.60000 2.00000 0.66006 0
467.00000 245.00000 231.00000 161.20000 26.10000 2.00000 0.74631 0
468.00000 233.00000 220.00000 626.00000 959.70000 2.00000 0.49026 0
469.00000 226.00000 221.00000 800.10000 1681.50000 2.00000 0.43354 0
470.00000 213.00000 218.00000 482.60000 476.20000 2.00000 0.77717 0
